9

4 4
4
1 1
1 2
2 1
2 2
3 1

5 6
6
1 2
1 3
2 1
2 4
3 2
3 3
3 1

5 5
4
1 2
2 1
2 3
3 2
3 1

5 5
3
1 2
2 2
3 2
5 1

9 9
5
0 2
1 0
1 2
2 1
2 2
20 1

9 9
5
0 2
1 0
1 2
2 1
2 2
20 2

9 9
5
0 2
1 0
1 2
2 1
2 2
20 3

9 9
5
0 2
1 0
1 2
2 1
2 2
20 20

20 20
100
12	14
2	17
10	1
5	12
6	5
19	14
1	5
14	9
5	1
16	12
19	11
3	15
19	6
9	6
17	17
18	13
19	6
12	15
8	15
17	0
14	6
4	3
13	10
13	8
15	17
3	14
14	14
6	5
9	6
12	4
19	18
6	19
6	13
8	17
5	5
10	0
5	17
5	15
18	15
5	17
4	13
3	8
17	19
3	11
1	13
8	5
8	15
11	15
2	17
11	2
12	3
16	18
3	1
8	5
7	1
17	11
3	2
3	8
8	8
9	2
13	7
1	2
12	1
19	10
9	3
15	12
3	19
7	3
6	13
13	15
13	10
1	13
9	11
4	5
9	16
11	6
19	15
19	18
19	5
2	19
1	15
7	6
0	17
3	6
12	12
14	1
1	9
7	2
14	1
4	15
10	11
12	0
7	9
15	12
6	6
19	0
0	5
13	11
15	18
13	16
50 1